Monthly Total HDD for Fort Myers Area, FL (ThreadEx)
1891-1892	M	M	M	M	M	M	M	60	74	0	0	0	M
1892-1893	0	0	0	14	55	72	219	18	32	0	0	0	410
1893-1894	0	0	0	0	14	77	32	46	11	0	0	0	180
1894-1895	0	0	0	0	33	98	96	M	20	1	0	0	M
1895-1896	0	0	0	0	16	M	M	M	M	M	M	M	M
1896-1897	M	M	M	M	M	M	M	M	M	M	M	M	M
1897-1898	M	M	M	M	M	M	M	M	M	M	M	M	M
1898-1899	M	M	M	M	M	M	M	M	M	M	M	M	M
1899-1900	M	M	M	M	M	M	M	M	M	M	M	M	M
1900-1901	M	M	M	M	M	M	M	M	M	M	M	M	M
1901-1902	M	M	M	M	M	M	M	M	M	11	M	M	M
1902-1903	M	0	0	1	M	M	M	57	M	1	M	0	M
1903-1904	0	0	M	14	M	205	142	56	2	1	0	0	M
1904-1905	0	0	0	0	M	M	222	49	13	3	0	0	M
1905-1906	0	0	0	0	3	78	127	54	45	6	0	0	M
1906-1907	0	0	0	0	24	139	24	87	0	25	0	0	299
1907-1908	0	0	0	0	7	83	M	158	0	0	0	0	M
1908-1909	0	0	0	4	M	34	31	83	18	1	0	0	M
1909-1910	0	0	0	0	11	146	115	94	22	3	0	0	M
1910-1911	0	0	0	M	44	201	31	54	0	0	0	0	M
1911-1912	0	0	0	0	21	52	95	172	M	0	M	M	M
1912-1913	0	0	0	0	32	29	24	27	4	4	0	0	M
1913-1914	0	0	0	7	24	41	112	26	79	0	0	0	289
1914-1915	0	0	0	4	47	87	46	73	M	27	0	0	M
1915-1916	0	0	0	0	M	M	M	M	M	M	M	0	M
1916-1917	0	0	0	1	M	M	M	M	M	M	0	0	M
1917-1918	0	0	0	0	M	M	M	M	M	24	0	0	M
1918-1919	0	0	0	0	M	M	M	M	M	M	0	0	M
1919-1920	0	0	0	0	1	80	69	118	82	5	0	0	355
1920-1921	0	0	0	0	9	86	44	37	0	1	2	0	179
1921-1922	0	0	0	0	8	20	M	M	5	0	0	0	M
1922-1923	0	0	0	0	12	M	M	M	2	0	0	0	M
1923-1924	0	0	0	M	M	M	M	M	M	0	0	0	M
1924-1925	0	0	0	0	M	M	M	M	22	6	0	0	M
1925-1926	0	0	0	0	M	M	M	M	M	0	0	0	M
1926-1927	0	0	0	6	M	M	M	4	M	0	0	0	M
1927-1928	0	0	0	2	M	M	M	M	M	M	0	0	M
1928-1929	0	0	0	M	M	M	M	M	M	0	0	0	M
1929-1930	0	0	0	M	7	M	M	M	M	0	0	0	M
1930-1931	0	0	0	M	M	M	M	M	M	M	0	0	M
1931-1932	0	0	0	0	4	M	M	M	M	M	0	0	M
1932-1933	0	0	0	M	M	M	M	8	M	0	0	0	M
1933-1934	0	0	0	0	M	M	M	M	M	M	0	0	M
1934-1935	0	0	0	0	M	M	M	M	M	M	0	0	M
1935-1936	0	0	0	0	M	M	M	M	18	0	0	0	M
1936-1937	0	0	0	0	M	M	M	M	M	M	0	0	M
1937-1938	0	0	0	M	M	M	M	M	M	M	0	0	M
1938-1939	0	0	M	0	51	59	72	31	0	2	0	0	M
1939-1940	0	0	0	0	39	43	265	121	46	15	0	0	529
1940-1941	M	0	0	0	58	16	126	130	95	0	0	0	M
1941-1942	0	0	0	0	M	M	144	180	65	2	0	0	M
1942-1943	M	0	0	0	10	60	48	118	36	1	0	0	M
1943-1944	0	0	0	13	29	114	129	31	M	12	0	0	M
1944-1945	0	0	0	3	33	149	96	52	5	0	0	0	338
1945-1946	0	0	0	0	51	101	M	M	M	M	M	M	M
1946-1947	M	M	M	M	M	M	25	186	59	0	0	0	M
1947-1948	0	0	0	0	13	38	109	20	2	0	0	0	182
1948-1949	0	0	0	0	4	18	40	1	14	2	0	0	79
1949-1950	0	0	0	0	67	19	0	39	38	33	0	0	196
1950-1951	0	0	0	0	88	157	125	100	15	6	0	0	491
1951-1952	0	0	0	0	67	34	71	78	11	11	0	0	272
1952-1953	0	0	0	5	19	123	98	40	3	1	0	0	289
1953-1954	0	0	0	6	32	91	72	60	99	0	0	0	360
1954-1955	0	0	0	1	32	163	151	71	32	0	0	0	450
1955-1956	0	0	0	0	32	84	209	38	53	2	0	0	418
1956-1957	0	M	M	M	101	M	57	14	32	0	0	0	M
1957-1958	0	0	0	14	3	149	246	284	60	0	0	0	756
1958-1959	0	0	0	0	0	93	165	2	49	8	0	0	317
1959-1960	0	0	0	0	45	91	123	122	105	7	0	0	493
1960-1961	0	0	0	0	3	148	131	52	17	2	0	0	353
1961-1962	0	0	0	0	3	97	96	19	42	3	0	0	260
1962-1963	0	0	0	0	44	160	110	100	13	1	0	0	428
1963-1964	0	0	0	0	35	189	110	118	12	3	0	0	467
1964-1965	0	0	0	0	0	26	96	36	38	0	0	0	196
1965-1966	0	0	0	0	7	52	136	74	24	1	0	0	294
1966-1967	0	0	0	0	44	105	70	90	2	0	0	0	311
1967-1968	0	0	0	0	2	34	67	153	82	0	0	0	338
1968-1969	0	0	0	5	70	157	96	130	106	0	0	0	564
1969-1970	0	0	0	0	53	136	224	146	40	0	0	0	599
1970-1971	0	0	0	0	61	33	110	85	63	13	0	0	365
1971-1972	0	0	0	0	3	3	19	60	0	0	0	0	85
1972-1973	0	0	0	0	25	82	94	141	2	4	0	0	348
1973-1974	0	0	0	0	12	147	0	73	1	1	0	0	234
1974-1975	0	0	0	0	11	74	33	13	15	0	0	0	146
1975-1976	0	0	0	0	48	102	164	78	5	0	0	0	397
1976-1977	0	0	0	2	62	124	281	132	15	0	0	0	616
1977-1978	0	0	0	5	34	133	212	216	69	0	0	0	669
1978-1979	0	0	0	0	0	19	127	100	13	0	0	0	259
1979-1980	0	0	0	0	14	44	85	163	41	0	0	0	347
1980-1981	0	0	0	0	33	101	282	70	19	0	0	0	505
1981-1982	0	0	0	0	23	103	102	5	11	0	0	0	244
1982-1983	0	0	0	2	7	58	130	81	56	8	0	0	342
1983-1984	0	0	0	0	15	100	135	76	46	0	0	0	372
1984-1985	0	0	0	0	15	37	171	74	7	3	0	0	307
1985-1986	0	0	0	0	0	123	87	35	71	0	0	0	316
1986-1987	0	0	0	0	0	19	112	41	14	42	0	0	228
1987-1988	0	0	0	0	15	62	126	100	36	0	0	0	339
1988-1989	0	0	0	0	2	67	8	70	26	0	0	0	173
1989-1990	0	0	0	10	7	176	31	7	1	1	0	0	233
1990-1991	0	M	0	2	2	27	21	42	19	0	0	0	M
1991-1992	0	0	0	0	35	31	92	28	22	9	0	0	217
1992-1993	0	0	0	0	20	33	19	46	33	0	0	0	151
1993-1994	0	0	0	0	18	86	70	28	15	0	0	0	217
1994-1995	0	0	0	0	0	27	103	91	5	0	0	0	226
1995-1996	0	0	0	0	17	121	M	126	M	1	0	0	M
1996-1997	0	0	0	0	5	48	70	9	M	1	0	M	M
1997-1998	0	M	M	M	M	79	45	53	58	0	0	0	M
1998-1999	0	0	0	0	1	33	63	61	22	0	0	0	180
1999-2000	0	0	0	0	7	72	99	66	0	1	0	0	245
2000-2001	0	0	0	0	24	109	226	10	17	3	0	0	389
2001-2002	0	0	0	4	0	45	104	53	11	0	0	0	217
2002-2003	0	0	0	0	37	104	232	27	8	6	0	0	414
2003-2004	0	0	0	0	13	113	116	61	10	4	0	0	317
2004-2005	0	0	0	0	2	90	90	38	46	0	0	0	266
2005-2006	0	0	0	4	6	82	73	105	17	0	0	0	287
2006-2007	0	0	0	3	40	22	58	80	11	7	0	0	221
2007-2008	0	0	0	0	7	18	78	18	9	6	0	0	136
2008-2009	0	0	0	13	47	37	115	82	23	3	0	0	320
2009-2010	0	0	0	4	14	56	232	176	96	0	0	0	578
2010-2011	0	0	0	0	12	257	115	36	10	0	0	0	430
2011-2012	0	0	0	0	4	24	75	23	3	0	0	0	129
2012-2013	0	0	0	3	12	43	14	44	85	0	0	0	201
2013-2014	0	0	0	0	9	4	138	18	9	0	0	0	178
2014-2015	0	0	0	0	41	48	55	87	0	0	0	0	231
2015-2016	0	0	0	0	0	3	104	88	9	0	0	0	204
2016-2017	0	0	0	0	5	9	50	1	11	M	0	0	M
2017-2018	0	0	0	5	0	43	138	0	22	0	0	M	M
2018-2019	0	0	0	0	22	48	108	2	16	0	0	M	M
2019-2020	0	0	0	0	8	15	44	35	5	0	0	0	107
2020-2021	0	0	0	0	0	82	70	34	4	3	0	0	193
2021-2022	0	0	0	0	2	3	79	17	4	0	0	0	105
2022-2023	0	0	M	0	1	56	42	1	0	0	0	0	M
2023-2024	0	0	0	0	7	37	66	36	0	0	0	0	146
2024-2025	0	0	0	0	7	43	129	4	9	0	0	0	192
Mean	0	0	0	1	22	77	103	68	27	3	0	0	308
Max	0
2024	0
2024	0
2024	14
1957	101
1956	257
2010	282
1981	284
1958	106
1969	42
1987	2
1921	0
2025	756
1958
Min	0
2024	0
2024	0
2024	0
2024	0
2020	3
2021	0
1974	0
2018	0
2024	0
2025	0
2025	0
2025	79
1949
