Monthly Mean GDD for Fort Myers Area, FL (ThreadEx)
Year    Jan   Feb   Mar    Apr     May   Jun   Jul   Aug   Sep   Oct   Nov   Dec   Annual
1892	M	14.3	14.5	22.8	25.7	28.2	31.0	31.6	30.1	24.6	16.6	15.5	23.2
1893	8.7	19.9	18.3	24.6	27.4	30.4	31.6	31.9	29.8	26.1	19.9	15.2	23.7
1894	15.7	16.6	19.5	22.6	25.7	28.2	30.7	30.9	29.3	25.1	19.1	14.8	23.2
1895	14.1	M	18.5	20.8	28.2	30.4	31.2	31.5	30.6	24.9	20.4	M	25.1
1896	M	M	M	M	M	M	M	M	M	M	M	M	M
1897	M	M	M	M	M	M	M	M	M	M	M	M	M
1898	M	M	M	M	M	M	M	M	M	M	M	M	M
1899	M	M	M	M	M	M	M	M	M	M	M	M	M
1900	M	M	M	M	M	M	M	M	M	M	M	M	M
1901	M	M	M	M	M	M	M	M	M	M	M	M	M
1902	M	M	M	21.0	M	M	M	31.6	29.4	27.0	M	M	27.3
1903	M	17.4	M	19.8	M	29.3	30.5	31.5	M	22.7	M	8.8	22.9
1904	11.0	15.9	20.7	21.4	26.3	28.8	29.2	29.9	29.5	25.7	M	M	23.8
1905	9.5	16.3	20.6	22.6	30.4	30.9	31.2	31.1	31.4	26.9	20.1	14.9	23.8
1906	13.0	14.3	16.1	22.8	26.9	29.9	30.4	29.9	30.9	25.0	19.9	13.6	22.7
1907	16.2	13.0	22.0	21.0	28.2	29.8	30.7	30.8	29.9	25.1	20.1	14.7	23.5
1908	M	11.1	21.4	27.7	27.0	28.7	31.1	30.1	28.9	23.8	M	16.5	24.6
1909	16.0	13.8	19.4	23.4	27.6	30.3	30.4	30.6	29.1	25.2	19.1	12.0	23.1
1910	11.8	13.9	17.6	20.3	26.2	29.0	29.4	29.9	29.4	M	15.2	9.2	21.1
1911	16.7	16.2	20.2	25.1	26.1	30.6	31.0	30.6	30.5	29.0	22.3	19.1	24.8
1912	14.8	10.4	M	26.3	M	M	31.0	31.7	30.8	27.8	17.5	18.3	23.2
1913	20.1	18.1	22.9	21.1	26.0	29.6	30.9	30.3	29.3	23.5	19.4	16.2	24.0
1914	12.9	16.8	14.7	23.7	27.5	31.2	31.7	32.4	30.0	25.7	18.2	15.7	23.4
1915	15.5	14.3	M	19.5	29.7	31.2	32.2	33.2	31.8	28.0	M	M	26.2
1916	M	M	M	M	M	29.7	31.9	32.1	30.4	26.7	M	M	30.2
1917	M	M	M	M	24.5	29.3	30.7	30.6	28.7	25.7	M	M	28.2
1918	M	M	M	21.4	25.5	29.5	31.1	31.2	29.7	28.4	M	M	28.1
1919	M	M	M	M	26.6	29.9	31.7	33.1	31.2	30.6	22.5	16.1	27.7
1920	16.0	12.4	17.8	24.6	27.4	29.7	31.2	31.9	31.0	24.3	20.1	14.7	23.4
1921	16.0	16.9	23.4	24.7	25.1	31.3	31.2	32.5	32.3	26.8	22.2	18.5	25.1
1922	M	M	21.3	25.6	27.6	30.7	31.3	30.8	29.1	27.4	22.1	M	27.3
1923	M	M	22.2	25.1	26.7	30.2	31.3	32.0	30.8	M	M	M	28.3
1924	M	M	M	24.0	27.3	32.3	31.7	33.6	30.9	24.9	M	M	29.2
1925	M	M	19.2	22.5	26.1	30.3	31.4	32.1	32.9	28.5	M	M	27.9
1926	M	M	M	22.8	26.2	29.8	31.9	32.2	32.1	26.8	M	M	28.8
1927	M	20.9	M	24.8	30.0	33.3	32.9	33.2	31.4	26.8	M	M	29.2
1928	M	M	M	M	25.2	30.9	32.1	31.9	31.0	M	M	M	30.2
1929	M	M	M	25.7	29.0	30.3	30.8	32.1	31.0	M	23.2	M	28.9
1930	M	M	M	22.7	27.9	28.9	31.9	31.2	31.2	M	M	M	29.0
1931	M	M	M	M	25.5	29.7	32.6	32.1	31.0	26.7	21.6	M	28.5
1932	M	M	M	M	26.6	30.0	32.7	31.8	31.0	M	M	M	30.4
1933	M	20.1	M	23.5	29.4	29.7	31.6	32.3	32.6	27.4	M	M	28.3
1934	M	M	M	M	28.2	31.5	32.8	32.7	32.1	28.8	M	M	31.0
1935	M	M	M	M	30.3	31.4	32.6	33.6	31.2	27.3	M	M	31.1
1936	M	M	18.8	23.8	27.6	30.7	33.4	33.0	31.7	29.7	M	M	28.6
1937	M	M	M	M	28.5	31.1	32.4	33.5	31.4	M	M	M	31.4
1938	M	M	M	M	28.8	30.5	31.2	32.9	M	24.8	21.7	14.7	26.4
1939	15.9	21.0	22.3	24.3	27.3	31.2	31.9	31.6	32.1	28.7	17.7	15.3	24.9
1940	8.8	11.8	17.5	21.4	25.5	31.7	M	33.5	30.9	24.4	19.4	19.4	22.2
1941	12.0	10.7	14.0	22.7	24.8	30.6	32.5	33.9	32.0	29.4	M	M	24.3
1942	12.1	9.7	17.2	21.8	27.8	32.7	M	33.9	32.5	27.0	21.2	17.5	23.0
1943	16.9	12.2	19.0	22.0	29.4	32.3	32.9	33.1	31.7	23.9	18.3	13.9	23.8
1944	11.8	18.9	M	25.8	27.1	33.5	32.9	33.6	33.0	24.5	17.8	11.7	24.6
1945	12.7	18.4	22.6	27.2	26.4	31.4	32.6	32.9	32.3	26.8	18.3	13.6	24.6
1946	M	M	M	M	M	M	M	M	M	M	M	M	M
1947	21.1	9.5	15.8	27.9	28.2	30.7	31.4	32.5	31.3	28.0	23.2	17.9	24.8
1948	13.5	19.4	24.6	25.4	28.5	31.9	32.4	33.5	31.7	26.5	25.8	20.6	26.2
1949	18.5	22.1	19.2	24.2	28.3	30.6	31.8	32.3	32.2	28.8	15.9	18.1	25.2
1950	20.3	17.3	18.8	18.6	28.5	31.9	31.4	32.2	30.7	28.1	16.8	10.7	23.8
1951	12.2	13.0	18.5	21.5	27.2	31.2	32.7	34.2	32.5	27.5	17.4	19.1	23.9
1952	15.4	14.0	21.9	20.4	28.2	32.7	32.9	33.1	32.0	25.7	19.7	12.6	24.1
1953	13.8	17.0	22.1	23.6	30.1	31.1	32.6	32.5	30.6	23.8	18.8	16.7	24.4
1954	15.1	15.0	16.1	25.9	27.0	30.9	31.5	33.5	32.0	24.6	17.5	10.8	23.3
1955	11.4	15.1	19.3	23.4	27.8	29.1	30.9	32.8	31.5	24.7	18.0	14.3	23.2
1956	9.1	17.9	16.9	21.2	28.6	29.8	31.5	M	M	M	15.6	M	21.3
1957	16.0	19.1	17.6	25.0	28.3	31.4	32.4	31.8	31.9	23.9	21.8	12.5	24.3
1958	7.8	6.8	16.2	22.6	26.9	30.7	32.6	32.5	31.8	24.6	23.9	14.1	22.5
1959	12.5	21.4	17.5	22.8	28.3	31.5	32.2	32.3	31.2	30.2	20.6	13.7	24.5
1960	13.8	13.2	14.7	22.8	25.9	30.7	32.7	33.5	31.8	29.0	23.0	12.1	23.6
1961	11.9	17.8	21.9	21.0	28.0	32.3	34.0	34.0	32.8	26.9	22.1	16.6	24.9
1962	15.5	19.8	18.4	22.4	29.3	31.9	34.5	34.2	32.4	27.9	16.3	12.5	24.6
1963	13.5	12.6	22.0	23.3	28.2	32.1	34.2	33.8	32.6	26.0	18.8	9.6	23.9
1964	13.7	12.1	22.1	26.0	28.0	31.9	33.1	33.1	31.7	24.8	22.5	18.7	24.8
1965	14.2	17.9	20.2	25.0	27.1	30.2	31.4	32.9	31.6	26.3	21.6	16.6	24.6
1966	13.0	15.7	17.5	22.6	29.2	30.3	32.9	33.1	32.1	28.3	17.9	13.2	23.8
1967	16.7	13.5	20.1	23.2	29.1	31.6	33.1	32.6	31.9	26.0	19.7	19.4	24.7
1968	14.9	10.2	14.9	24.6	29.0	30.4	33.1	32.9	31.6	26.3	17.0	12.7	23.1
1969	13.0	11.1	13.6	24.3	27.9	32.4	33.2	32.5	31.0	28.5	16.4	11.3	22.9
1970	9.2	10.6	17.3	25.1	25.4	30.7	32.4	32.9	32.2	28.5	17.0	16.9	23.2
1971	15.8	16.0	16.1	20.6	27.4	30.6	32.2	31.7	30.3	29.1	21.2	22.5	24.5
1972	21.2	16.3	21.1	24.3	28.5	31.8	33.2	33.4	32.9	28.5	21.6	17.7	25.9
1973	16.2	11.1	22.1	22.2	28.4	32.2	32.6	32.4	32.8	27.7	23.6	13.0	24.5
1974	23.2	15.7	22.2	24.9	29.2	30.3	31.7	33.1	33.3	25.3	20.9	16.1	25.5
1975	19.8	20.9	21.5	25.3	31.0	32.6	32.2	34.0	31.3	29.2	20.9	14.1	26.1
1976	11.3	15.3	21.7	21.4	27.5	29.1	31.8	32.1	29.5	22.9	17.0	13.1	22.7
1977	7.4	11.2	21.1	21.7	26.2	31.0	31.8	31.8	32.0	24.3	20.4	13.7	22.7
1978	9.8	7.8	15.8	23.1	28.8	31.9	33.7	34.0	32.7	28.3	24.5	19.9	24.2
1979	12.8	14.3	18.6	26.5	29.3	32.8	36.0	34.5	33.8	29.3	24.1	17.2	25.8
1980	15.3	11.0	22.0	22.9	28.2	33.7	34.6	34.2	34.9	28.6	21.1	13.1	25.0
1981	6.5	16.1	17.8	26.3	29.4	36.1	36.0	34.5	33.4	30.0	19.9	16.3	25.2
1982	15.5	22.4	23.2	26.8	26.6	33.9	34.5	32.9	30.8	25.6	22.4	19.1	26.1
1983	12.5	13.0	15.6	20.3	26.3	30.4	32.2	32.3	30.1	27.5	19.3	17.4	23.1
1984	12.4	15.2	17.6	22.4	29.0	31.8	32.7	34.0	31.3	28.0	20.0	19.7	24.5
1985	11.4	17.3	21.8	24.1	30.2	33.9	32.5	34.6	33.3	32.0	25.8	13.9	25.9
1986	14.4	18.1	18.1	22.5	28.6	32.4	33.3	33.1	33.7	29.7	28.5	20.0	26.0
1987	13.6	17.2	19.7	19.0	28.9	33.1	34.3	35.0	33.4	25.0	21.9	17.2	24.9
1988	13.2	14.1	18.7	24.2	27.8	33.0	33.7	33.9	34.0	27.5	24.2	16.8	25.1
1989	20.1	18.3	21.9	25.5	30.6	32.4	32.7	33.4	32.7	26.8	22.0	11.9	25.7
1990	19.9	21.6	22.0	24.6	30.6	33.3	33.8	M	33.7	29.6	22.8	20.3	26.6
1991	20.5	18.0	21.5	28.0	31.1	33.1	33.3	34.2	33.1	28.3	19.4	18.9	26.6
1992	14.0	17.9	19.2	23.1	26.4	32.0	34.7	33.2	32.8	26.7	24.1	18.3	25.2
1993	20.3	15.1	18.5	21.0	27.9	33.2	33.9	33.9	33.3	28.5	23.1	14.2	25.2
1994	15.5	21.1	21.0	27.6	30.7	34.1	32.7	33.1	31.9	29.2	25.7	19.2	26.8
1995	13.2	15.0	21.8	25.4	32.3	32.0	33.5	34.5	33.3	30.3	20.0	14.6	25.5
1996	M	13.6	M	23.1	30.2	32.0	35.0	34.3	34.3	29.4	22.6	18.3	27.3
1997	16.8	22.4	M	25.0	30.4	M	35.0	M	M	M	M	16.7	24.4
1998	17.2	16.6	17.9	23.8	29.8	34.7	34.2	34.0	31.9	28.9	23.7	20.0	26.1
1999	16.7	15.9	17.5	25.6	27.4	30.4	32.9	33.3	31.3	27.2	20.1	15.7	24.5
2000	14.0	15.4	22.1	22.1	29.3	31.8	32.5	32.2	32.0	24.8	19.1	14.6	24.2
2001	9.2	21.7	20.1	23.7	27.6	32.1	32.3	32.7	29.6	26.4	21.6	19.1	24.7
2002	16.0	15.4	22.8	27.2	30.1	31.4	32.5	32.5	32.6	29.7	19.0	13.9	25.3
2003	8.2	18.0	25.0	23.8	30.6	32.3	33.3	32.6	32.0	28.7	23.7	12.8	25.1
2004	12.9	16.3	20.0	21.9	28.6	32.9	32.9	32.9	32.1	28.0	22.0	14.7	24.6
2005	15.3	16.3	18.2	21.0	27.7	30.6	34.2	34.6	32.8	27.6	22.7	14.6	24.6
2006	16.0	14.1	19.7	25.8	29.0	32.7	32.4	33.4	32.2	27.1	19.6	21.0	25.3
2007	18.0	14.9	21.5	23.6	27.9	31.7	33.5	34.4	33.2	31.4	21.4	21.5	26.1
2008	15.8	21.0	21.2	24.7	30.6	33.0	32.8	34.2	32.2	26.1	17.6	17.7	25.6
2009	13.5	14.5	20.5	24.9	30.2	33.5	33.8	33.8	33.0	29.1	22.0	18.0	25.6
2010	10.5	9.7	13.3	22.9	31.5	35.5	34.5	34.5	33.4	27.5	21.6	7.4	23.5
2011	13.0	18.4	21.3	27.9	30.2	33.1	33.9	34.3	33.2	26.0	22.6	20.1	26.2
2012	15.6	21.5	24.6	25.9	31.4	32.5	33.9	34.4	32.6	28.6	18.4	18.5	26.5
2013	20.2	18.3	14.5	27.1	27.6	31.8	31.8	32.8	31.2	28.5	23.1	21.8	25.7
2014	13.2	20.7	19.9	25.2	30.0	32.7	33.7	34.7	31.7	27.3	18.2	17.9	25.4
2015	16.5	13.6	24.8	29.1	30.5	32.9	32.8	33.5	32.4	28.8	27.0	23.9	27.1
2016	13.1	14.3	22.6	25.1	29.2	33.1	34.7	34.1	33.3	28.5	21.3	23.6	26.1
2017	18.3	21.7	22.5	M	30.9	32.3	34.0	34.2	33.2	27.3	24.3	19.1	27.1
2018	13.3	25.1	19.0	27.1	29.4	M	33.4	32.9	33.3	29.7	23.4	18.4	25.9
2019	13.8	23.2	21.1	25.6	30.7	M	33.5	33.7	33.8	33.1	23.3	21.0	26.6
2020	18.5	20.2	25.6	29.4	29.3	32.9	34.4	34.3	32.4	30.6	25.1	15.1	27.3
2021	15.0	21.0	21.8	25.6	31.0	33.2	34.2	34.2	33.6	31.4	21.1	23.0	27.1
2022	15.9	21.3	26.1	28.0	30.5	33.1	35.6	35.5	M	28.3	26.8	19.5	27.3
2023	19.1	23.8	25.6	29.3	31.5	33.7	36.4	36.1	33.9	28.7	23.3	17.6	28.3
2024	15.7	15.8	23.9	24.7	33.5	33.9	35.5	35.0	34.7	28.9	24.2	17.8	27.0
2025	11.8	22.4	20.9	27.1	32.2	33.6	34.9	35.1	32.8	M	M	M	27.9
Mean	14.5	16.3	19.8	23.9	28.4	31.5	32.6	32.9	31.8	27.3	20.9	16.3	25.5
Max	23.2
1974	25.1
2018	26.1
2022	29.4
2020	33.5
2024	36.1
1981	36.4
2023	36.1
2023	34.9
1980	33.1
2019	28.5
1986	23.9
2015	31.4
Min	6.5
1981	6.8
1958	13.3
2010	18.6
1950	24.5
1917	28.2
1892	29.2
1904	29.9
1906	28.7
1917	22.7
1903	15.2
1910	7.4
2010	21.1
