Year  Jan  Feb  Mar  Apr  May  Jun  Jul  Aug  Sep  Oct  Nov  Dec  Annual
1892	61.5	64.2	64.3	72.5	75.5	78.0	80.7	81.3	79.9	74.4	66.4	65.2	72.0
1893	58.3	69.6	68.0	74.4	77.3	80.1	81.4	81.7	79.5	75.8	69.7	65.0	73.4
1894	65.5	66.4	69.2	72.4	75.5	77.9	80.5	80.6	79.1	74.8	68.9	63.8	72.9
1895	63.9	58.5	68.2	70.6	77.9	80.2	80.9	81.2	80.3	74.6	70.2	61.8	72.4
1903	61.7	67.2	71.2	69.6	75.0	79.0	80.2	81.3	78.7	72.5	66.3	58.5	71.8
1905	58.4	66.0	70.4	72.4	80.2	80.7	81.0	80.9	81.0	76.6	69.9	64.7	73.5
1906	62.8	64.1	66.0	72.6	76.7	79.6	80.2	79.6	80.7	74.8	69.7	62.5	72.4
1907	65.9	62.8	71.8	70.8	78.0	79.5	80.5	80.6	79.7	74.8	69.9	64.5	73.2
1908	62.9	60.9	71.1	77.3	76.8	78.5	80.8	79.8	78.7	73.6	68.4	66.3	72.9
1909	65.7	63.5	69.1	73.2	77.3	80.0	80.2	80.4	78.9	74.9	68.9	61.2	72.8
1910	61.6	63.7	67.3	70.1	75.9	78.7	79.1	79.7	79.2	74.1	64.9	58.8	71.1
1911	66.5	66.1	70.0	74.9	75.8	80.4	80.8	80.4	80.2	78.8	72.0	68.8	74.6
1912	64.6	60.0	72.1	76.1	77.8	79.0	80.8	81.5	80.5	77.6	67.2	68.0	73.8
1913	70.0	67.8	72.6	70.9	75.8	79.3	80.6	80.0	79.0	73.3	69.2	66.0	73.7
1914	62.8	66.5	64.4	73.5	77.3	80.9	81.6	82.2	79.8	75.5	67.9	65.4	73.2
1920	65.7	62.2	67.5	74.4	77.1	79.5	81.0	81.6	80.7	74.0	69.9	64.6	73.2
1921	65.8	66.7	73.2	74.4	74.8	81.0	81.0	82.2	82.0	76.6	72.0	68.2	74.8
1922	64.9	67.9	71.1	75.3	77.4	80.4	81.0	80.6	78.9	77.2	71.8	69.0	74.6
1925	68.3	65.7	68.9	72.3	75.9	80.2	81.2	81.8	82.7	78.2	70.0	64.1	74.1
1939	65.7	70.8	72.1	74.1	77.1	81.0	81.7	81.4	81.9	78.5	67.4	65.1	74.7
1940	57.3	61.6	67.3	71.1	75.3	81.3	83.3	83.2	80.6	74.1	69.0	69.1	72.8
1942	61.8	59.4	67.0	71.6	77.6	82.4	84.5	83.8	82.1	76.8	71.0	67.3	73.8
1943	66.6	61.9	68.7	71.7	79.1	82.1	82.7	82.8	81.5	73.7	68.1	63.7	73.6
1944	61.6	68.7	71.1	75.5	76.8	83.2	82.7	83.5	82.8	74.3	67.6	61.5	74.1
1945	62.5	68.1	72.3	76.9	76.2	81.2	82.3	82.7	82.0	76.6	68.1	63.3	74.4
1947	70.8	58.8	65.6	77.7	78.0	80.6	81.2	82.4	81.0	77.8	72.9	67.7	74.5
1948	63.0	69.1	74.4	75.2	78.3	81.6	82.1	83.2	81.4	76.2	75.6	70.5	75.9
1949	68.3	71.8	69.0	73.9	77.9	80.4	81.5	82.1	82.0	78.6	65.7	67.9	74.9
1950	70.0	67.0	68.5	68.5	78.3	81.7	81.2	82.0	80.5	77.9	66.6	60.3	73.5
1951	61.8	62.4	68.2	71.3	77.0	81.0	82.5	84.0	82.3	77.2	67.0	68.8	73.6
1952	65.2	63.8	71.6	70.2	77.9	82.5	82.6	82.8	81.8	75.4	69.5	62.2	73.8
1953	63.5	66.8	71.9	73.4	79.9	80.8	82.4	82.3	80.3	73.5	68.5	66.3	74.1
1954	64.8	64.7	65.9	75.7	76.8	80.7	81.3	83.2	81.8	74.4	67.3	60.5	73.1
1955	61.1	64.5	69.0	73.2	77.6	78.9	80.6	82.6	81.3	74.4	67.7	64.0	72.9
1957	65.7	68.8	67.4	74.7	78.1	81.1	82.2	81.6	81.6	73.6	71.5	61.8	74.0
1958	57.1	55.5	65.9	72.4	76.7	80.5	82.3	82.3	81.5	74.3	73.7	63.9	72.2
1959	61.8	71.1	67.3	72.7	78.0	81.3	81.9	81.9	81.0	80.0	70.2	63.5	74.2
1960	63.2	62.9	64.5	72.6	75.6	80.5	82.5	83.2	81.6	78.8	72.7	61.5	73.3
1961	61.5	67.5	71.7	70.8	77.7	82.1	83.8	83.8	82.6	76.6	71.9	66.2	74.7
1962	65.2	69.6	68.1	72.2	79.1	81.6	84.2	83.9	82.1	77.6	66.1	61.7	74.3
1963	63.2	62.3	71.8	73.0	77.9	81.8	83.9	83.6	82.3	75.8	68.6	59.3	73.6
1964	63.2	61.9	71.9	75.8	77.7	81.7	82.9	82.9	81.5	74.5	72.1	68.4	74.5
1965	63.7	67.7	70.0	74.8	76.8	80.0	81.1	82.7	81.3	76.0	71.3	66.3	74.3
1966	62.5	65.2	67.2	72.4	78.9	80.0	82.6	82.8	81.8	78.1	67.7	62.8	73.5
1967	66.4	63.1	69.8	73.0	78.9	81.4	82.9	82.4	81.6	75.8	69.6	69.1	74.5
1968	64.6	59.9	64.6	74.3	78.7	80.1	82.9	82.6	81.3	76.0	66.8	62.3	72.8
1969	62.7	60.8	63.4	74.1	77.8	82.2	83.0	82.2	80.7	78.3	66.2	61.0	72.7
1970	58.0	60.1	67.1	74.8	75.0	80.6	82.1	82.7	82.1	78.3	66.7	66.6	72.8
1971	65.3	65.8	65.9	70.4	77.1	80.4	82.0	81.4	80.0	78.9	71.0	72.3	74.2
1972	70.9	66.0	70.8	74.0	78.3	81.5	82.9	83.0	82.6	78.3	71.3	67.4	75.6
1973	66.0	60.6	71.8	72.0	78.2	82.0	82.3	82.1	82.5	77.3	73.5	62.7	74.3
1974	73.0	65.6	71.9	74.5	78.9	80.0	81.4	82.9	83.0	75.0	70.6	65.9	75.2
1975	69.5	70.6	71.3	75.1	80.7	82.4	81.9	83.8	81.1	78.9	70.6	63.7	75.8
1976	60.8	65.0	71.5	71.2	77.2	78.8	81.5	81.9	79.3	72.6	66.7	62.8	72.4
1977	55.9	61.0	70.9	71.4	75.9	80.8	81.6	81.5	81.7	74.0	70.1	63.3	72.3
1978	59.2	57.2	65.7	72.8	78.7	81.7	83.4	83.7	82.4	78.1	74.2	69.6	73.9
1979	62.4	64.0	68.4	76.2	79.0	82.5	85.7	84.3	83.5	79.0	73.8	66.9	75.5
1980	65.1	60.7	71.6	72.6	77.9	83.4	84.3	84.0	84.7	78.3	70.8	62.8	74.7
1981	55.7	65.8	67.7	76.1	79.2	85.9	85.7	84.3	83.1	79.8	69.6	65.8	74.9
1982	64.9	72.2	73.0	76.5	76.4	83.7	84.3	82.6	80.5	75.3	72.1	68.9	75.9
1983	62.4	62.7	65.3	70.1	76.0	80.2	82.0	82.0	79.8	77.2	69.0	66.4	72.8
1984	62.1	64.9	67.4	72.1	78.7	81.5	82.4	83.8	81.0	77.8	69.8	69.4	74.2
1985	60.6	67.0	71.5	73.9	79.9	83.7	82.2	84.4	83.1	81.7	75.6	63.5	75.6
1986	64.0	67.8	67.8	72.2	78.4	82.2	83.1	82.9	83.5	79.4	78.3	69.8	75.8
1987	63.4	67.0	69.4	68.8	78.6	82.8	84.1	84.8	83.1	74.8	71.7	67.0	74.6
1988	63.0	63.8	68.5	74.0	77.5	82.7	83.6	83.6	83.7	77.2	74.0	66.6	74.9
1989	69.9	67.9	71.7	75.3	80.4	82.1	82.4	83.1	82.5	76.5	71.7	60.8	75.4
1990	69.6	71.3	71.8	74.4	80.4	83.1	83.6	84.1	83.4	79.4	72.6	70.0	77.0
1991	70.3	67.8	71.4	77.7	80.8	82.8	83.0	84.0	82.8	78.0	69.2	68.8	76.4
1992	63.7	67.7	68.9	72.9	76.2	81.8	84.5	82.9	82.6	76.5	73.9	68.1	75.0
1993	70.0	64.9	68.2	70.8	77.6	82.9	83.6	83.7	82.9	78.3	72.9	64.0	75.0
1994	65.2	70.9	70.7	77.4	80.4	83.8	82.4	82.8	81.7	79.0	75.4	69.0	76.6
1995	63.0	64.8	71.5	75.2	82.0	81.7	83.3	84.3	83.1	80.0	69.7	64.2	75.2
1996	64.0	62.9	66.0	72.9	80.0	81.8	84.8	84.0	84.0	79.1	72.5	67.7	75.0
1998	67.0	66.3	67.7	73.5	79.6	84.5	83.9	83.8	81.6	78.7	73.5	69.8	75.8
1999	66.4	65.6	67.2	75.4	77.1	80.2	82.6	83.1	81.1	77.0	69.8	65.4	74.2
2000	63.7	65.1	71.9	71.9	79.0	81.6	82.3	81.9	81.7	74.6	68.9	64.1	73.9
2001	58.7	71.4	69.8	73.6	77.4	81.8	82.0	82.5	79.4	76.0	71.4	68.9	74.4
2002	65.6	65.1	72.5	76.9	79.8	81.1	82.2	82.3	82.4	79.4	68.7	63.7	75.0
2003	57.6	67.8	74.8	73.6	80.5	82.1	83.0	82.3	81.8	78.4	73.5	62.5	74.8
2004	62.6	66.0	69.7	71.6	78.5	82.6	82.6	82.7	81.8	77.8	71.7	64.5	74.3
2005	64.9	66.0	68.0	70.8	77.4	80.3	84.0	84.4	82.6	77.4	72.5	64.3	74.4
2006	65.7	63.8	69.5	75.7	78.7	82.4	82.1	83.2	82.1	76.8	69.4	70.9	75.0
2007	67.8	64.6	71.1	73.4	77.7	81.4	83.4	84.2	83.0	81.1	71.2	71.2	75.8
2008	65.3	70.8	70.9	74.5	80.5	82.7	82.5	83.9	82.0	75.8	67.3	67.4	75.3
2009	63.1	64.1	70.3	74.7	79.9	83.2	83.5	83.5	82.8	78.9	71.7	67.8	75.3
2010	59.0	59.4	63.0	72.7	81.2	85.3	84.2	84.2	83.1	77.2	71.3	56.7	73.1
2011	62.8	68.1	71.0	77.7	80.0	82.9	83.7	84.0	83.1	75.8	72.4	69.8	75.9
2012	65.3	71.2	74.3	75.6	81.1	82.2	83.7	84.1	82.3	78.4	68.2	68.2	76.2
2013	69.9	68.0	64.3	76.9	77.4	81.5	81.6	82.6	81.1	78.2	72.8	71.5	75.5
2014	63.0	70.5	69.6	74.9	79.6	82.4	83.4	84.4	81.3	77.1	68.0	67.7	75.2
2015	66.2	63.4	74.6	78.8	80.2	82.7	82.6	83.2	82.2	78.6	76.7	73.6	76.9
2016	62.9	64.1	72.3	74.9	78.9	82.9	84.5	83.9	83.0	78.3	71.1	73.3	75.8
2019	63.5	72.9	70.8	75.2	80.5	83.0	83.2	83.4	83.6	82.9	73.0	70.7	76.9
2020	68.2	70.0	75.4	79.2	79.0	82.7	84.1	84.0	82.1	80.4	74.9	64.8	77.1
2021	64.8	70.8	71.6	75.3	80.7	83.0	84.0	84.0	83.3	81.2	70.8	72.6	76.8
2022	65.7	71.1	75.8	77.7	80.3	82.8	85.3	85.2	83.8	78.1	76.6	68.8	77.6
2023	68.9	73.6	75.3	79.0	81.3	83.4	86.1	85.9	83.7	78.5	73.0	67.4	78.0
2024	65.5	65.6	73.6	74.6	83.2	83.6	85.2	84.8	84.4	78.7	74.0	67.5	76.7
