Year    Jan   Feb   Mar    Apr     May   Jun   Jul   Aug   Sep   Oct   Nov   Dec   Annual
Monthly Mean CDD for Fort Myers Area, FL (ThreadEx)
Click column heading to sort ascending, click again to sort descending.
1892	M	1.4	1.9	7.8	10.7	13.2	16.0	16.6	15.1	10.0	3.5	2.8	9.0
1893	0.6	5.6	4.3	9.6	12.4	15.4	16.6	16.9	14.8	11.1	5.3	2.6	9.6
1894	1.8	3.3	4.8	7.6	10.7	13.2	15.7	15.9	14.3	10.1	5.2	2.3	8.7
1895	2.2	M	4.2	5.8	13.2	15.4	16.2	16.5	15.6	9.9	6.0	M	10.5
1896	M	M	M	M	M	M	M	M	M	M	M	M	M
1897	M	M	M	M	M	M	M	M	M	M	M	M	M
1898	M	M	M	M	M	M	M	M	M	M	M	M	M
1899	M	M	M	M	M	M	M	M	M	M	M	M	M
1900	M	M	M	M	M	M	M	M	M	M	M	M	M
1901	M	M	M	M	M	M	M	M	M	M	M	M	M
1902	M	M	M	6.3	M	M	M	16.6	14.4	12.1	M	M	12.4
1903	M	4.6	M	4.8	M	14.3	15.5	16.5	M	8.2	M	0.4	9.2
1904	0.6	2.9	5.7	6.5	11.3	13.8	14.2	14.9	14.5	10.7	M	M	9.5
1905	0.8	3.0	6.0	7.7	15.4	15.9	16.2	16.1	16.4	11.9	5.2	2.5	9.8
1906	2.2	1.3	2.6	8.0	11.9	14.9	15.4	14.9	15.9	10.0	5.7	2.2	8.8
1907	2.0	1.1	7.0	6.9	13.2	14.8	15.7	15.8	14.9	10.1	5.4	2.4	9.1
1908	M	1.6	6.4	12.7	12.0	13.7	16.1	15.1	13.9	9.0	M	2.5	10.3
1909	2.0	1.6	5.0	8.4	12.6	15.3	15.4	15.6	14.1	10.2	4.5	1.2	8.8
1910	0.6	2.4	3.3	5.4	11.2	14.0	14.4	14.9	14.4	M	1.6	0.5	7.5
1911	2.7	3.2	5.2	10.1	11.1	15.6	16.0	15.6	15.5	14.0	8.0	5.8	10.2
1912	2.9	1.2	M	11.3	M	M	16.0	16.7	15.8	12.8	3.5	4.2	9.4
1913	5.9	4.1	8.0	6.3	11.0	14.6	15.9	15.3	14.3	8.7	5.2	2.5	9.3
1914	1.5	2.7	2.2	8.7	12.5	16.2	16.7	17.4	15.0	10.9	4.6	3.4	9.3
1915	2.0	1.9	M	5.4	14.7	16.2	17.2	18.2	16.8	13.0	M	M	11.7
1916	M	M	M	M	M	14.7	16.9	17.1	15.4	11.7	M	M	15.2
1917	M	M	M	M	9.5	14.3	15.7	15.6	13.7	10.7	M	M	13.3
1918	M	M	M	7.2	10.5	14.5	16.1	16.2	14.7	13.4	M	M	13.2
1919	M	M	M	M	11.6	14.9	16.7	18.1	16.2	15.6	7.5	3.7	13.0
1920	3.2	1.4	5.3	9.8	12.4	14.7	16.2	16.9	16.0	9.3	5.4	2.5	9.4
1921	2.4	3.2	8.4	9.7	10.1	16.3	16.2	17.5	17.3	11.8	7.5	4.2	10.4
1922	M	M	6.5	10.6	12.6	15.7	16.3	15.8	14.1	12.4	7.6	M	12.4
1923	M	M	7.2	10.1	11.7	15.2	16.3	17.0	15.8	M	M	M	13.3
1924	M	M	M	9.0	12.3	17.3	16.7	18.6	15.9	9.9	M	M	14.2
1925	M	M	4.9	7.7	11.1	15.3	16.4	17.1	17.9	13.5	M	M	13.0
1926	M	M	M	7.8	11.2	14.8	16.9	17.2	17.1	12.0	M	M	13.9
1927	M	6.0	M	9.8	15.0	18.3	17.9	18.2	16.4	11.8	M	M	14.2
1928	M	M	M	M	10.2	15.9	17.1	16.9	16.0	M	M	M	15.2
1929	M	M	M	10.7	14.0	15.3	15.8	17.1	16.0	M	8.5	M	13.9
1930	M	M	M	7.7	12.9	13.9	16.9	16.2	16.2	M	M	M	14.0
1931	M	M	M	M	10.5	14.7	17.6	17.1	16.0	11.7	6.7	M	13.5
1932	M	M	M	M	11.6	15.0	17.7	16.8	16.0	M	M	M	15.4
1933	M	5.4	M	8.5	14.4	14.7	16.6	17.3	17.6	12.4	M	M	13.4
1934	M	M	M	M	13.2	16.5	17.8	17.7	17.1	13.8	M	M	16.0
1935	M	M	M	M	15.3	16.4	17.6	18.6	16.2	12.3	M	M	16.1
1936	M	M	4.4	8.8	12.6	15.7	18.4	18.0	16.7	14.7	M	M	13.7
1937	M	M	M	M	13.5	16.1	17.4	18.5	16.4	M	M	M	16.4
1938	M	M	M	M	13.8	15.5	16.2	17.9	M	9.8	8.4	1.6	11.9
1939	3.2	7.0	7.3	9.4	12.3	16.2	16.9	16.6	17.1	13.7	4.0	1.7	10.5
1940	1.0	1.0	3.9	6.9	10.5	16.7	M	18.5	15.9	9.4	6.2	4.9	8.6
1941	1.1	0.3	2.0	7.7	9.8	15.6	17.5	18.9	17.0	14.4	M	M	10.4
1942	1.7	1.1	4.3	6.9	12.8	17.7	M	18.9	17.5	12.0	6.5	4.5	9.4
1943	3.4	1.3	5.2	7.0	14.4	17.3	17.9	18.1	16.7	9.3	4.2	2.5	9.8
1944	1.0	5.0	M	11.2	12.1	18.5	17.9	18.6	18.0	9.6	3.9	1.5	10.7
1945	0.8	5.2	7.7	12.2	11.4	16.4	17.6	17.9	17.3	11.8	5.0	1.9	10.4
1946	M	M	M	M	M	M	M	M	M	M	M	M	M
1947	6.9	0.7	2.7	12.9	13.2	15.7	16.4	17.5	16.3	13.0	8.6	4.1	10.7
1948	1.7	5.1	9.7	10.4	13.5	16.9	17.4	18.5	16.7	11.5	11.0	6.2	11.5
1949	4.8	7.1	4.6	9.3	13.3	15.6	16.8	17.3	17.2	13.8	3.1	3.7	10.5
1950	5.3	3.6	5.0	4.7	13.5	16.9	16.4	17.2	15.7	13.1	4.8	0.6	9.7
1951	1.1	1.2	3.9	6.7	12.2	16.2	17.7	19.2	17.5	12.5	4.5	5.2	9.8
1952	2.7	1.7	7.3	5.8	13.2	17.7	17.9	18.1	17.0	10.8	5.3	1.5	9.9
1953	2.0	3.5	7.2	8.6	15.1	16.1	17.6	17.5	15.6	9.0	4.8	4.5	10.1
1954	2.5	2.1	4.3	10.9	12.0	15.9	16.5	18.5	17.0	9.6	3.6	1.0	9.5
1955	1.2	2.3	5.3	8.4	12.8	14.1	15.9	17.8	16.5	9.7	4.0	2.0	9.2
1956	0.8	4.2	3.6	6.2	13.6	14.8	16.5	M	M	M	4.1	M	8.0
1957	2.8	4.6	3.7	10.0	13.3	16.4	17.4	16.8	16.9	9.4	6.9	1.8	10.0
1958	0.3	0.8	3.1	7.6	11.9	15.7	17.6	17.5	16.8	9.6	8.9	2.1	9.3
1959	2.3	6.5	4.1	8.1	13.3	16.5	17.2	17.3	16.2	15.2	6.9	1.7	10.4
1960	2.4	2.4	3.1	8.0	10.9	15.7	17.7	18.5	16.8	14.0	8.1	1.6	9.9
1961	1.0	4.6	7.5	6.0	13.0	17.3	19.0	19.0	17.8	11.9	7.2	4.5	10.7
1962	3.5	5.5	4.7	7.5	14.3	16.9	19.5	19.2	17.4	12.9	2.8	2.1	10.5
1963	2.0	1.2	7.5	8.3	13.2	17.1	19.2	18.8	17.6	11.0	5.0	0.7	10.1
1964	2.0	1.2	7.5	11.1	13.0	16.9	18.1	18.1	16.7	9.8	7.5	4.5	10.5
1965	2.1	4.2	6.5	10.0	12.1	15.2	16.4	17.9	16.6	11.3	6.8	3.3	10.2
1966	2.1	3.1	3.2	7.6	14.2	15.3	17.9	18.1	17.1	13.3	4.4	1.5	9.8
1967	3.9	1.6	5.2	8.2	14.1	16.6	18.1	17.6	16.9	11.0	4.8	5.5	10.3
1968	2.0	0.5	2.5	9.6	14.0	15.4	18.1	17.9	16.6	11.5	4.3	2.6	9.6
1969	1.1	0.7	2.1	9.3	12.9	17.4	18.2	17.5	16.0	13.5	3.2	0.6	9.4
1970	0.6	0.6	3.6	10.1	10.4	15.7	17.4	17.9	17.2	13.5	4.0	2.9	9.5
1971	4.1	4.0	3.1	6.1	12.4	15.6	17.2	16.7	15.3	14.1	6.3	7.6	10.2
1972	6.8	3.3	6.1	9.3	13.5	16.8	18.2	18.4	17.9	13.5	7.4	5.3	11.4
1973	4.2	1.0	7.1	7.3	13.4	17.2	17.6	17.4	17.8	12.7	9.0	2.7	10.6
1974	8.2	3.3	7.2	9.9	14.2	15.3	16.7	18.1	18.3	10.3	6.2	3.5	10.9
1975	5.8	6.3	6.9	10.3	16.0	17.6	17.2	19.0	16.3	14.2	7.5	2.3	11.6
1976	1.4	3.0	6.9	6.4	12.5	14.1	16.8	17.1	14.5	7.9	4.1	2.1	8.9
1977	0.2	0.9	6.6	6.7	11.2	16.0	16.8	16.8	17.0	9.5	6.5	2.8	9.2
1978	1.3	0.1	3.1	8.1	13.8	16.9	18.7	19.0	17.7	13.3	9.5	5.5	10.6
1979	1.7	2.9	4.0	11.5	14.3	17.8	21.0	19.5	18.8	14.3	9.6	3.6	11.6
1980	3.1	1.6	8.1	7.9	13.2	18.7	19.6	19.2	19.9	13.6	7.2	1.3	11.1
1981	0.0	3.5	3.5	11.3	14.4	21.1	21.0	19.5	18.4	15.0	5.6	4.4	11.5
1982	3.4	7.6	8.6	11.8	11.6	18.9	19.5	17.9	15.8	10.7	7.6	6.0	11.6
1983	1.7	0.9	2.4	5.5	11.3	15.4	17.2	17.3	15.1	12.5	4.8	4.9	9.1
1984	1.7	2.8	4.1	7.4	14.0	16.8	17.7	19.0	16.3	13.0	5.5	5.9	10.4
1985	1.4	4.9	7.1	9.2	15.2	18.9	17.5	19.6	18.3	17.0	10.8	2.7	11.9
1986	2.0	4.3	5.4	7.5	13.6	17.4	18.3	18.1	18.7	14.7	13.5	5.6	11.6
1987	2.3	3.7	5.2	5.4	13.9	18.1	19.3	20.0	18.4	10.0	7.4	4.2	10.7
1988	2.3	2.5	4.9	9.2	12.8	18.0	18.7	18.9	19.0	12.5	9.3	3.9	11.0
1989	5.4	5.6	7.8	10.5	15.6	17.4	17.7	18.4	17.7	12.2	7.2	1.6	11.4
1990	5.9	6.9	7.1	9.6	15.6	18.3	18.8	M	18.7	14.7	7.9	6.2	11.8
1991	6.2	4.5	7.2	13.0	16.1	18.1	18.3	19.2	18.1	13.3	5.5	4.9	12.0
1992	2.0	3.8	4.9	8.4	11.4	17.0	19.7	18.2	17.8	11.7	9.8	4.4	10.8
1993	5.9	1.8	4.5	6.0	12.9	18.2	18.9	18.9	18.3	13.5	8.7	2.0	10.8
1994	2.7	7.1	6.5	12.6	15.7	19.1	17.7	18.1	16.9	14.2	10.7	5.1	12.2
1995	1.5	3.3	6.9	10.4	17.3	17.0	18.5	19.5	18.3	15.3	5.5	3.4	11.4
1996	M	2.5	M	8.1	15.2	17.0	20.0	19.3	19.3	14.4	7.8	4.6	12.8
1997	3.9	7.8	M	10.0	15.4	M	20.0	M	M	M	M	4.2	10.2
1998	3.6	3.5	4.8	8.8	14.8	19.7	19.2	19.0	16.9	13.9	8.7	6.0	11.6
1999	3.6	3.1	3.2	10.6	12.4	15.4	17.9	18.3	16.3	12.2	5.3	3.0	10.1
2000	2.2	2.7	7.1	7.1	14.3	16.8	17.5	17.2	17.0	9.8	4.9	2.9	10.0
2001	1.2	7.0	5.6	8.8	12.6	17.1	17.3	17.7	14.6	11.5	6.6	5.6	10.5
2002	4.2	2.3	8.2	12.2	15.1	16.4	17.5	17.5	17.6	14.7	5.2	2.3	11.1
2003	0.3	3.9	10.3	9.0	15.6	17.3	18.3	17.6	17.0	13.7	9.2	1.5	11.1
2004	1.6	3.4	5.3	7.0	13.6	17.9	17.9	17.9	17.1	13.0	7.0	2.6	10.4
2005	3.2	2.7	4.7	6.0	12.7	15.6	19.2	19.6	17.8	12.7	7.9	2.3	10.4
2006	3.3	2.8	5.2	10.8	14.0	17.7	17.4	18.4	17.2	12.2	6.0	6.7	11.0
2007	4.9	2.8	6.8	8.8	12.9	16.7	18.5	19.4	18.2	16.4	6.7	7.1	11.6
2008	3.1	6.6	6.5	9.9	15.6	18.0	17.8	19.2	17.2	11.5	4.2	3.9	11.1
2009	2.1	2.3	6.3	10.0	15.2	18.5	18.8	18.8	18.0	14.2	7.5	4.8	11.4
2010	1.8	1.0	1.4	7.9	16.5	20.5	19.5	19.5	18.4	12.5	7.0	0.2	10.5
2011	1.6	4.7	6.6	12.9	15.2	18.1	18.9	19.3	18.2	11.0	7.8	5.9	11.7
2012	2.9	7.3	9.7	10.9	16.4	17.5	18.9	19.4	17.6	13.7	3.8	4.9	11.9
2013	5.7	4.8	2.3	12.1	12.6	16.8	16.8	17.8	16.2	13.5	8.4	6.9	11.2
2014	2.7	6.4	5.2	10.2	15.0	17.7	18.7	19.7	16.7	12.3	4.5	4.5	11.1
2015	3.2	1.7	9.8	14.1	15.5	17.9	17.8	18.5	17.4	13.8	12.0	9.0	12.6
2016	1.4	2.3	7.9	10.1	14.2	18.1	19.7	19.1	18.3	13.5	6.5	8.9	11.7
2017	4.9	6.8	7.8	M	15.9	17.3	19.0	19.2	18.2	12.4	9.3	5.5	12.4
2018	2.6	10.1	4.7	12.1	14.4	M	18.4	17.9	18.3	14.7	9.1	4.9	11.6
2019	2.3	8.3	6.6	10.6	15.7	M	18.5	18.7	18.8	18.1	8.5	6.5	12.1
2020	4.9	6.4	10.7	14.4	14.3	17.9	19.4	19.3	17.4	15.6	10.1	2.7	12.8
2021	2.3	7.2	6.9	10.7	16.0	18.2	19.2	19.2	18.6	16.4	6.2	8.1	12.4
2022	3.4	6.9	11.2	13.0	15.5	18.1	20.6	20.5	M	13.3	11.8	6.0	12.8
2023	5.5	8.8	10.6	14.3	16.5	18.7	21.4	21.1	18.9	13.7	8.6	3.8	13.5
2024	2.9	2.1	8.9	9.7	18.5	18.9	20.5	20.0	19.7	13.9	9.5	4.2	12.4
2025	0.9	7.5	6.2	12.1	17.2	18.6	19.9	20.1	17.8	M	M	M	13.4
Mean	2.7	3.6	5.7	9.0	13.4	16.5	17.6	17.9	16.8	12.3	6.6	3.7	11.2
Max	8.2
1974	10.1
2018	11.2
2022	14.4
2020	18.5
2024	21.1
1981	21.4
2023	21.1
2023	19.9
1980	18.1
2019	13.5
1986	9.0
2015	16.4
Min	0.0
1981	0.1
1978	1.4
2010	4.7
1950	9.5
1917	13.2
1892	14.2
1904	14.9
1906	13.7
1917	7.9
1976	1.6
1910	0.2
2010	7.5
