Monthly Mean Precipitation for Fort Myers Area, FL (ThreadEx)
Click column heading to sort ascending, click again to sort descending.
Year    Jan   Feb   Mar    Apr     May   Jun   Jul   Aug   Sep   Oct   Nov   Dec   Annual
1892	0.01	M	0.07	0.15	0.17	M	0.24	M	0.47	M	0.05	0.06	0.15
1893	M	M	M	M	M	M	M	M	M	M	M	M	M
1894	M	M	M	M	0.05	M	M	M	M	M	M	M	0.05
1895	M	M	M	M	M	M	M	M	0.26	M	M	0.06	0.16
1896	M	M	M	M	M	M	M	M	M	M	M	M	M
1897	M	M	M	M	M	M	M	M	M	M	M	M	M
1898	M	M	M	M	M	M	M	M	M	M	M	M	M
1899	M	M	M	M	M	M	M	M	M	M	M	M	M
1900	M	M	M	M	M	M	M	M	M	M	M	M	M
1901	M	M	M	M	M	M	M	M	M	M	M	M	M
1902	0.02	0.24	0.01	0.03	0.04	0.29	0.15	0.13	0.22	0.24	0.03	0.09	0.12
1903	0.15	0.12	0.25	T	0.02	M	0.37	0.18	0.14	0.05	0.07	0.05	0.13
1904	0.10	0.07	0.06	M	0.12	0.50	0.18	0.20	0.10	M	0.06	0.03	0.14
1905	0.02	0.00	0.01	M	0.13	0.20	0.45	0.34	M	0.05	0.00	0.20	0.14
1906	M	0.08	0.09	0.01	0.20	0.37	M	0.39	0.11	0.08	0.01	0.00	0.13
1907	0.04	0.02	0.00	M	0.21	0.23	0.22	0.25	M	0.02	0.03	0.07	0.11
1908	0.05	0.03	0.02	0.04	0.14	0.25	0.21	0.29	0.43	0.10	0.01	0.01	0.13
1909	0.04	0.02	0.01	0.15	0.14	0.34	0.19	0.47	0.17	0.13	0.01	M	0.15
1910	0.05	0.05	0.02	0.02	0.09	0.27	0.30	0.35	0.23	M	0.03	0.01	0.13
1911	0.01	T	0.02	0.10	0.27	M	0.13	0.36	0.20	0.15	0.05	0.01	0.12
1912	0.06	0.10	0.14	0.01	M	M	M	0.15	0.30	0.18	0.04	0.03	0.11
1913	M	0.18	0.03	0.11	M	0.13	0.23	M	0.28	M	M	M	0.16
1914	0.08	0.02	M	0.07	0.07	0.21	M	0.31	0.15	0.21	0.03	0.11	0.13
1915	0.12	M	0.07	0.10	0.12	M	M	M	0.18	M	0.08	0.03	0.10
1916	M	0.02	0.03	0.19	0.08	M	M	M	0.18	0.07	0.10	M	0.10
1917	M	0.05	0.05	0.06	0.03	0.29	M	0.31	0.30	0.07	M	M	0.15
1918	M	0.05	0.03	0.05	0.08	M	0.13	M	M	M	0.02	M	0.06
1919	0.04	0.10	0.15	0.01	M	M	0.26	0.10	0.17	0.03	0.10	0.04	0.10
1920	0.01	0.11	0.01	0.14	0.04	0.28	0.49	0.19	0.23	0.10	0.12	0.04	0.15
1921	0.02	0.04	0.03	0.01	0.19	0.19	0.31	0.20	0.17	0.35	0.15	0.04	0.14
1922	0.03	0.09	0.02	0.00	0.27	0.50	0.20	0.34	0.58	0.36	0.12	0.03	0.21
1923	0.02	0.02	0.01	0.05	0.18	0.35	0.27	0.24	0.22	0.09	0.01	0.01	0.12
1924	0.14	0.10	0.08	0.02	0.03	0.22	0.40	0.14	0.23	0.64	0.00	0.00	0.17
1925	0.08	0.06	0.06	0.03	0.27	0.18	0.22	0.26	0.11	0.08	0.08	0.23	0.14
1926	0.13	0.03	0.07	0.11	0.09	0.18	0.21	0.48	0.39	0.10	0.06	0.00	0.15
1927	0.01	0.03	0.05	0.03	0.04	0.27	0.28	0.10	0.19	0.06	0.01	0.02	0.09
1928	0.01	0.07	0.02	0.05	0.09	0.34	0.40	0.45	0.39	0.10	0.02	0.01	0.16
1929	0.04	0.00	0.03	0.03	0.25	0.28	0.22	0.18	0.51	0.11	0.01	0.04	0.14
1930	0.04	0.10	0.16	0.20	0.22	0.49	0.15	0.19	0.46	0.06	0.00	0.08	0.18
1931	0.11	0.13	0.21	0.10	0.08	0.13	0.20	0.23	0.21	0.03	0.00	0.06	0.12
1932	0.02	0.02	0.06	0.04	0.23	0.12	0.26	0.57	0.20	0.17	0.02	0.01	0.14
1933	0.01	0.09	0.13	0.20	0.22	0.17	0.30	0.15	0.15	0.07	0.04	0.00	0.13
1934	0.02	0.21	0.02	0.03	0.19	0.39	0.20	0.11	0.28	0.05	0.02	0.01	0.13
1935	0.01	0.06	0.00	0.12	0.08	0.21	0.30	0.30	0.48	0.01	0.03	0.05	0.14
1936	0.11	0.19	0.05	0.04	0.20	0.68	0.28	0.24	0.12	0.17	0.09	0.04	0.18
1937	0.02	0.13	0.12	0.05	0.03	0.36	0.17	0.23	0.10	0.19	0.05	0.02	0.12
1938	0.07	0.01	0.02	0.01	0.09	0.27	0.41	0.17	M	0.12	0.01	0.01	0.11
1939	0.01	0.03	0.00	0.28	0.10	0.55	0.25	0.22	0.43	0.19	0.06	0.03	0.18
1940	0.12	0.14	0.14	0.06	0.02	0.35	0.11	0.28	0.43	0.02	0.00	0.17	0.15
1941	0.10	0.14	0.22	0.26	0.04	0.24	0.49	0.24	0.20	0.03	0.08	0.03	0.17
1942	0.05	0.12	0.07	0.15	0.11	0.37	0.34	0.30	0.18	0.02	0.00	0.06	0.15
1943	0.02	0.00	0.05	0.15	0.19	0.54	0.39	0.28	0.19	0.11	0.08	0.02	0.17
1944	0.04	T	M	0.03	0.13	0.12	0.16	0.19	0.12	0.19	T	0.01	0.09
1945	0.07	0.02	0.00	0.01	0.05	0.40	0.40	0.36	0.19	0.17	0.00	0.05	0.14
1946	M	M	M	M	M	M	M	M	M	M	M	M	M
1947	0.03	0.10	0.29	0.09	0.21	0.43	0.36	0.30	0.54	0.16	0.07	0.05	0.22
1948	0.13	0.00	0.03	0.05	0.07	0.17	0.33	0.16	0.47	0.13	0.02	0.02	0.13
1949	0.00	0.00	0.00	0.18	0.13	0.25	0.43	0.25	0.42	0.12	0.04	0.05	0.16
1950	0.00	0.00	0.02	0.00	0.13	0.16	0.22	0.19	0.28	0.11	0.00	0.07	0.10
1951	0.01	0.07	0.04	0.09	0.07	0.31	0.37	0.33	0.12	0.38	0.04	0.00	0.15
1952	0.04	0.15	0.07	0.03	0.06	0.27	0.19	0.27	0.41	0.27	0.03	0.02	0.15
1953	0.06	0.07	0.02	0.08	0.01	0.43	0.30	0.14	0.52	0.22	0.04	0.04	0.16
1954	0.01	0.09	0.07	0.12	0.13	0.16	0.30	0.22	0.34	0.06	0.08	0.06	0.14
1955	0.09	0.04	0.01	0.03	0.10	0.28	0.28	0.14	0.35	0.07	0.02	0.03	0.12
1956	0.02	0.04	0.00	0.12	0.15	0.16	0.17	M	M	M	0.05	M	0.09
1957	0.03	0.13	0.15	0.09	0.26	0.16	0.40	0.30	0.29	0.10	0.05	0.11	0.17
1958	0.19	0.05	0.33	0.07	0.20	0.25	0.35	0.13	0.30	0.15	0.05	0.11	0.18
1959	0.05	0.06	0.20	0.06	0.15	0.54	0.20	0.19	0.23	0.39	0.06	0.06	0.18
1960	0.01	0.13	0.06	0.13	0.07	0.17	0.44	0.18	0.40	0.10	0.07	0.02	0.15
1961	0.11	0.07	0.12	0.02	0.16	0.33	0.32	0.43	0.09	0.10	0.04	0.02	0.15
1962	0.01	0.02	0.09	0.05	0.01	0.40	0.19	0.35	0.48	0.18	0.10	0.03	0.16
1963	0.03	0.17	0.02	0.01	0.24	0.26	0.13	0.13	0.25	0.00	0.12	0.07	0.12
1964	0.09	0.11	0.07	0.03	0.02	0.15	0.07	0.14	0.32	0.04	0.01	0.03	0.09
1965	0.04	0.11	0.09	0.08	0.15	0.26	0.39	0.21	0.14	0.14	0.02	0.03	0.14
1966	0.11	0.04	0.01	0.10	0.05	0.41	0.27	0.26	0.14	0.07	0.01	0.01	0.12
1967	0.04	0.08	0.02	T	0.05	0.25	0.22	0.51	0.23	0.10	0.03	0.09	0.14
1968	0.01	0.07	0.02	0.02	0.33	0.50	0.32	0.37	0.30	0.26	0.10	0.01	0.19
1969	0.05	0.10	0.15	0.01	0.15	0.35	0.23	0.27	0.55	0.36	0.01	0.13	0.20
1970	0.14	0.08	0.60	T	0.21	0.25	0.15	0.16	0.28	0.04	0.02	0.01	0.16
1971	0.03	0.06	0.02	0.02	0.12	0.21	0.31	0.26	0.31	0.21	0.01	0.01	0.13
1972	0.02	0.07	0.15	0.01	0.17	0.26	0.31	0.52	0.08	0.07	0.13	0.05	0.15
1973	0.10	0.08	0.13	0.06	0.03	0.13	0.31	0.28	0.28	0.01	0.00	0.06	0.12
1974	0.01	0.03	0.00	0.00	0.08	0.67	0.47	0.25	0.14	0.01	0.05	0.03	0.14
1975	0.01	0.01	0.05	0.03	0.09	0.35	0.35	0.25	0.42	0.10	0.02	0.02	0.14
1976	0.01	0.04	0.03	0.03	0.17	0.35	0.20	0.29	0.29	0.06	0.07	0.05	0.13
1977	0.11	0.01	0.00	0.03	0.21	0.30	0.31	0.34	0.31	0.01	0.05	0.09	0.15
1978	0.08	0.12	0.11	0.08	0.08	0.23	0.33	0.35	0.17	0.05	0.00	0.14	0.14
1979	0.24	0.07	0.01	0.10	0.17	0.28	0.19	0.48	0.46	0.01	0.02	0.17	0.18
1980	0.08	0.04	0.12	0.05	0.28	0.07	0.23	0.28	0.15	0.05	0.11	0.02	0.12
1981	0.03	0.06	0.04	0.00	0.10	0.39	0.27	0.54	0.22	0.01	0.02	0.02	0.14
1982	0.03	0.12	0.11	0.13	0.07	0.50	0.37	0.34	0.31	0.16	0.04	0.01	0.18
1983	0.15	0.39	0.24	0.04	0.02	0.60	0.15	0.21	0.32	0.14	0.12	0.10	0.21
1984	0.00	0.11	0.21	0.04	0.09	0.29	0.29	0.18	0.26	0.02	0.02	0.00	0.13
1985	0.02	0.02	0.07	0.05	0.04	0.13	0.28	0.25	0.39	0.22	0.07	0.02	0.13
1986	0.03	0.04	0.12	0.02	0.13	0.46	0.22	0.36	0.18	0.11	0.03	0.17	0.16
1987	0.07	0.10	0.19	0.00	0.13	0.32	0.46	0.28	0.25	0.16	0.27	0.02	0.19
1988	0.07	0.05	0.08	0.05	0.02	0.24	0.17	0.30	0.06	0.01	0.09	0.01	0.10
1989	0.05	0.01	0.09	0.01	0.26	0.29	0.29	0.28	0.17	0.07	0.02	0.07	0.13
1990	0.02	0.12	0.03	0.01	0.12	0.30	0.21	0.48	0.25	0.07	0.00	0.01	0.14
1991	0.26	0.03	0.04	0.17	0.27	0.37	0.47	0.19	0.27	0.13	0.01	0.01	0.18
1992	0.06	0.13	0.16	0.07	0.03	0.62	0.28	0.24	0.12	0.04	0.04	0.03	0.15
1993	0.17	0.12	0.12	0.08	0.09	0.22	0.23	0.21	0.28	0.22	0.03	0.03	0.15
1994	0.09	0.08	0.03	0.19	0.01	0.16	0.31	0.30	0.26	0.10	0.08	0.12	0.14
1995	0.10	0.05	0.03	0.18	0.04	0.47	0.39	0.45	0.32	0.27	0.06	0.04	0.20
1996	0.09	0.03	0.12	0.08	0.21	0.44	0.27	0.13	0.27	0.14	0.00	0.02	0.15
1997	0.05	0.08	0.03	0.17	0.15	0.22	0.36	0.17	0.32	0.01	0.14	0.18	0.16
1998	0.08	0.25	0.17	0.04	0.08	0.22	0.32	0.28	0.45	0.02	0.25	0.03	0.18
1999	0.08	0.01	0.03	0.02	0.11	0.36	0.26	0.30	0.28	0.06	0.05	0.05	0.13
2000	0.04	0.00	0.11	0.06	0.09	0.27	0.28	0.27	0.40	0.06	T	0.01	0.13
2001	T	T	M	0.02	0.01	0.15	0.45	0.33	0.47	0.07	0.01	0.06	0.14
2002	0.07	0.03	0.01	0.05	0.08	0.26	0.23	0.41	0.23	0.03	0.19	0.12	0.14
2003	0.06	0.03	0.11	0.08	0.09	0.49	0.09	0.54	0.57	0.02	0.07	0.15	0.19
2004	0.11	0.12	0.01	0.12	0.02	0.50	0.33	0.54	0.15	0.02	0.04	0.06	0.17
2005	0.01	0.12	0.21	0.13	0.08	0.61	0.41	0.25	0.23	0.26	0.13	0.00	0.20
2006	0.01	0.08	0.01	0.00	0.07	0.46	0.47	0.30	0.34	0.03	0.04	0.05	0.16
2007	0.02	0.03	0.00	0.07	0.16	0.20	0.21	0.40	0.30	0.06	0.00	0.08	0.13
2008	0.04	0.08	0.05	0.10	0.03	0.24	0.43	0.33	0.50	0.11	0.00	0.07	0.17
2009	0.01	0.01	0.02	0.01	0.21	0.18	0.14	0.31	0.17	0.09	0.04	0.12	0.11
2010	0.04	0.11	0.23	0.14	0.02	0.28	0.25	0.33	0.24	0.01	0.06	0.04	0.15
2011	0.10	0.01	0.09	0.06	0.13	0.33	0.37	0.35	0.33	0.35	0.01	0.01	0.18
2012	0.00	0.06	0.02	0.06	0.19	0.26	0.30	0.28	0.20	0.16	0.02	0.07	0.14
2013	0.02	0.07	0.03	0.10	0.12	0.34	0.32	0.29	0.36	0.04	0.05	0.02	0.15
2014	0.07	0.05	0.10	0.03	0.12	M	0.28	0.22	0.24	0.04	0.15	0.00	0.12
2015	0.02	0.09	0.05	0.07	0.07	0.29	0.42	0.35	0.33	0.13	0.07	0.12	0.17
2016	0.42	0.07	0.03	0.05	0.11	0.42	0.29	0.36	0.25	0.09	T	0.01	0.17
2017	0.05	0.03	0.01	0.09	0.04	0.47	0.31	0.55	M	0.14	0.01	0.05	0.16
2018	0.04	0.03	0.02	0.03	0.41	0.25	0.26	0.36	0.17	0.03	0.05	0.06	0.14
2019	0.16	0.09	0.03	0.08	0.18	0.20	0.34	0.43	0.10	0.16	0.02	0.18	0.16
2020	0.03	0.05	0.00	0.06	0.20	0.28	0.08	0.38	0.47	0.13	0.14	0.07	0.16
2021	0.02	0.11	0.01	0.12	0.00	0.39	0.29	0.35	0.30	0.10	0.08	0.02	0.15
2022	0.07	0.02	0.01	0.19	0.28	0.47	0.31	0.34	0.48	0.05	0.07	0.04	0.19
2023	0.04	0.00	0.00	0.13	0.17	0.21	0.14	0.31	0.24	0.06	0.10	0.13	0.13
2024	0.16	0.09	0.09	0.03	0.12	0.74	0.30	0.39	0.36	0.23	0.07	0.05	0.22
2025	0.02	0.06	0.02	0.03	0.12	0.24	0.16	0.29	0.22	M	M	M	0.13
Mean	0.06	0.07	0.07	0.07	0.12	0.31	0.28	0.29	0.28	0.12	0.05	0.05	0.15
Max	0.42
2016	0.39
1983	0.60
1970	0.28
1939	0.41
2018	0.74
2024	0.49
1941	0.57
1932	0.58
1922	0.64
1924	0.27
1987	0.23
1925	0.22
Min	0.00
1950	T
2001	0.00
1935	T
1970	0.00
2021	0.07
1980	0.07
1964	0.10
1919	0.06
1988	0.00
1963	T
2016	0.00
1924	0.05
